-38.8303  93.8767  17.35  80.9664  
-38.8303  93.8767  17.35  80.9664  
-38.8303  93.8767  17.35  80.9664  
-38.8303  93.8767  17.35  80.9664  
-38.8303  93.8767  17.35  80.9664  
-38.8303  93.8767  17.35  80.9664  
-38.8303  93.8767  17.35  80.9664  
-38.8303  93.8767  17.35  80.9664  
-38.8303  93.8767  17.35  80.9664  
-38.8303  93.8767  17.35  80.9664  
-38.8303  93.8767  17.35  80.9663  
-38.8303  93.8767  17.35  80.9663  
-38.8303  93.8767  17.35  80.9663  
-38.8303  93.8767  17.35  80.9663  
-38.8303  93.8767  17.35  80.9663  
-38.8303  93.8767  17.35  80.9663  
-38.8303  93.8767  17.35  80.9663  
-38.8303  93.8767  17.35  80.9663  
-38.8303  93.8767  17.35  80.9663  
-38.8303  93.8767  17.35  80.9663  
-38.8303  93.8767  17.35  80.9663  
-38.8303  93.8767  17.35  80.9663  
-38.8303  93.8767  17.35  80.9663  
-38.8303  93.8767  17.35  80.9663  
-38.8304  93.8767  17.35  80.9663  
-38.8304  93.8767  17.35  80.9663  
-38.8304  93.8767  17.35  80.9663  
-38.8304  93.8767  17.35  80.9663  
-38.8304  93.8767  17.35  80.9663  
-38.8304  93.8767  17.35  80.9663  
-38.8304  93.8767  17.35  80.9663  
-38.8304  93.8767  17.35  80.9663  
-38.8304  93.8767  17.35  80.9663  
-38.8304  93.8767  17.35  80.9663  
-38.8304  93.8767  17.35  80.9663  
-38.8304  93.8767  17.35  80.9663  
-38.8304  93.8767  17.35  80.9663  
-38.8304  93.8767  17.35  80.9663  
-38.8304  93.8767  17.35  80.9663  
-38.8304  93.8767  17.35  80.9662  
-38.8304  93.8767  17.35  80.9662  
-38.8305  93.8767  17.35  80.9662  
-38.8305  93.8767  17.35  80.9662  
-38.8305  93.8767  17.35  80.9662  
-38.8305  93.8767  17.35  80.9662  
-38.8305  93.8767  17.35  80.9662  
-38.8305  93.8767  17.35  80.9662  
-38.8305  93.8767  17.35  80.9662  
-38.8305  93.8767  17.35  80.9662  
-38.8305  93.8767  17.35  80.9662  
-38.8305  93.8767  17.35  80.9662  
-38.8305  93.8767  17.35  80.9662  
-38.8306  93.8767  17.35  80.9662  
-38.8306  93.8767  17.35  80.9662  
-38.8306  93.8767  17.35  80.9661  
-38.8306  93.8767  17.35  80.9661  
-38.8306  93.8767  17.35  80.9661  
-38.8306  93.8767  17.35  80.9661  
-38.8306  93.8767  17.35  80.9661  
-38.8306  93.8767  17.35  80.9661  
-38.8306  93.8767  17.35  80.9661  
-38.8306  93.8767  17.35  80.9661  
-38.8307  93.8767  17.35  80.9661  
-38.8307  93.8767  17.35  80.9661  
-38.8307  93.8767  17.35  80.9661  
-38.8307  93.8767  17.35  80.9661  
-38.8307  93.8768  17.35  80.966  
-38.8307  93.8768  17.35  80.966  
-38.8307  93.8768  17.35  80.966  
-38.8307  93.8768  17.35  80.966  
-38.8308  93.8768  17.35  80.966  
-38.8308  93.8768  17.35  80.966  
-38.8308  93.8768  17.35  80.966  
-38.8308  93.8768  17.35  80.966  
-38.8308  93.8768  17.35  80.966  
-38.8308  93.8768  17.35  80.966  
-38.8308  93.8768  17.35  80.9659  
-38.8309  93.8768  17.35  80.9659  
-38.8309  93.8768  17.35  80.9659  
-38.8309  93.8768  17.35  80.9659  
-38.8309  93.8768  17.35  80.9659  
-38.8309  93.8768  17.35  80.9659  
-38.8309  93.8768  17.35  80.9659  
-38.8309  93.8768  17.35  80.9659  
-38.831  93.8768  17.35  80.9658  
-38.831  93.8768  17.35  80.9658  
-38.831  93.8768  17.35  80.9658  
-38.831  93.8768  17.35  80.9658  
-38.831  93.8768  17.35  80.9658  
-38.831  93.8768  17.35  80.9658  
-38.8311  93.8768  17.35  80.9658  
-38.8311  93.8768  17.35  80.9658  
-38.8311  93.8768  17.35  80.9657  
-38.8311  93.8768  17.35  80.9657  
-38.8311  93.8769  17.35  80.9657  
-38.8311  93.8769  17.35  80.9657  
-38.8312  93.8769  17.35  80.9657  
-38.8312  93.8769  17.35  80.9657  
-38.8312  93.8769  17.35  80.9657  
-38.8312  93.8769  17.35  80.9657  
-38.8312  93.8769  17.35  80.9656  
-38.8313  93.8769  17.35  80.9656  
-38.8313  93.8769  17.35  80.9656  
-38.8313  93.8769  17.35  80.9656  
-38.8313  93.8769  17.35  80.9656  
-38.8313  93.8769  17.35  80.9656  
-38.8314  93.8769  17.35  80.9655  
-38.8314  93.8769  17.35  80.9655  
-38.8314  93.8769  17.35  80.9655  
-38.8314  93.8769  17.35  80.9655  
-38.8314  93.8769  17.35  80.9655  
-38.8315  93.8769  17.35  80.9655  
-38.8315  93.8769  17.35  80.9655  
-38.8315  93.8769  17.35  80.9654  
-38.8315  93.8769  17.35  80.9654  
-38.8315  93.8769  17.35  80.9654  
-38.8316  93.877  17.35  80.9654  
-38.8316  93.877  17.35  80.9654  
-38.8316  93.877  17.35  80.9654  
-38.8316  93.877  17.35  80.9653  
-38.8317  93.877  17.35  80.9653  
-38.8317  93.877  17.35  80.9653  
-38.8317  93.877  17.35  80.9653  
-38.8317  93.877  17.35  80.9653  
-38.8317  93.877  17.35  80.9652  
-38.8318  93.877  17.35  80.9652  
-38.8318  93.877  17.35  80.9652  
-38.8318  93.877  17.35  80.9652  
-38.8318  93.877  17.35  80.9652  
-38.8319  93.877  17.35  80.9652  
-38.8319  93.877  17.35  80.9651  
-38.8319  93.877  17.35  80.9651  
-38.8319  93.877  17.35  80.9651  
-38.832  93.877  17.35  80.9651  
-38.832  93.8771  17.35  80.9651  
-38.832  93.8771  17.35  80.965  
-38.832  93.8771  17.35  80.965  
-38.8321  93.8771  17.35  80.965  
-38.8321  93.8771  17.35  80.965  
-38.8321  93.8771  17.35  80.965  
-38.8321  93.8771  17.35  80.9649  
-38.8322  93.8771  17.35  80.9649  
-38.8322  93.8771  17.35  80.9649  
-38.8322  93.8771  17.35  80.9649  
-38.8323  93.8771  17.35  80.9649  
-38.8323  93.8771  17.35  80.9648  
-38.8323  93.8771  17.35  80.9648  
-38.8323  93.8771  17.35  80.9648  
-38.8324  93.8771  17.35  80.9648  
-38.8324  93.8771  17.35  80.9648  
-38.8324  93.8772  17.35  80.9647  
-38.8324  93.8772  17.35  80.9647  
-38.8325  93.8772  17.35  80.9647  
-38.8325  93.8772  17.35  80.9647  
-38.8325  93.8772  17.35  80.9646  
-38.8326  93.8772  17.35  80.9646  
-38.8326  93.8772  17.35  80.9646  
-38.8326  93.8772  17.35  80.9646  
-38.8326  93.8772  17.35  80.9646  
-38.8327  93.8772  17.35  80.9645  
-38.8327  93.8772  17.35  80.9645  
-38.8327  93.8772  17.35  80.9645  
-38.8328  93.8772  17.35  80.9645  
-38.8328  93.8772  17.35  80.9644  
-38.8328  93.8772  17.35  80.9644  
-38.8329  93.8773  17.35  80.9644  
-38.8329  93.8773  17.35  80.9644  
-38.8329  93.8773  17.35  80.9643  
-38.833  93.8773  17.35  80.9643  
-38.833  93.8773  17.35  80.9643  
-38.833  93.8773  17.35  80.9643  
-38.8331  93.8773  17.35  80.9643  
-38.8331  93.8773  17.35  80.9642  
-38.8331  93.8773  17.35  80.9642  
-38.8331  93.8773  17.35  80.9642  
-38.8332  93.8773  17.35  80.9642  
-38.8332  93.8773  17.35  80.9641  
-38.8332  93.8773  17.35  80.9641  
-38.8333  93.8774  17.35  80.9641  
-38.8333  93.8774  17.35  80.964  
-38.8333  93.8774  17.35  80.964  
-38.8334  93.8774  17.35  80.964  
-38.8334  93.8774  17.35  80.964  
-38.8335  93.8774  17.35  80.9639  
-38.8335  93.8774  17.35  80.9639  
-38.8335  93.8774  17.35  80.9639  
-38.8336  93.8774  17.35  80.9639  
-38.8336  93.8774  17.35  80.9638  
-38.8336  93.8774  17.35  80.9638  
-38.8337  93.8774  17.35  80.9638  
-38.8337  93.8775  17.35  80.9638  
-38.8337  93.8775  17.35  80.9637  
-38.8338  93.8775  17.35  80.9637  
-38.8338  93.8775  17.35  80.9637  
-38.8338  93.8775  17.35  80.9636  
-38.8339  93.8775  17.35  80.9636  
-38.8339  93.8775  17.35  80.9636  
-38.834  93.8775  17.35  80.9636  
-38.834  93.8775  17.35  80.9635  
-38.834  93.8775  17.35  80.9635  
-38.8341  93.8775  17.35  80.9635  
-38.8341  93.8775  17.35  80.9634  
-38.8341  93.8776  17.35  80.9634  
-38.8342  93.8776  17.35  80.9634  
-38.8342  93.8776  17.35  80.9634  
-38.8343  93.8776  17.35  80.9633  
-38.8343  93.8776  17.35  80.9633  
-38.8343  93.8776  17.35  80.9633  
-38.8344  93.8776  17.35  80.9632  
-38.8344  93.8776  17.35  80.9632  
-38.8344  93.8776  17.35  80.9632  
-38.8345  93.8776  17.35  80.9631  
-38.8345  93.8776  17.35  80.9631  
-38.8346  93.8777  17.35  80.9631  
-38.8346  93.8777  17.35  80.9631  
-38.8346  93.8777  17.35  80.963  
-38.8347  93.8777  17.35  80.963  
-38.8347  93.8777  17.35  80.963  
-38.8348  93.8777  17.35  80.9629  
-38.8348  93.8777  17.35  80.9629  
-38.8349  93.8777  17.35  80.9629  
-38.8349  93.8777  17.35  80.9628  
-38.8349  93.8777  17.35  80.9628  
-38.835  93.8778  17.35  80.9628  
-38.835  93.8778  17.35  80.9627  
-38.8351  93.8778  17.35  80.9627  
-38.8351  93.8778  17.35  80.9627  
-38.8351  93.8778  17.35  80.9626  
-38.8352  93.8778  17.35  80.9626  
-38.8352  93.8778  17.35  80.9626  
-38.8353  93.8778  17.35  80.9625  
-38.8353  93.8778  17.35  80.9625  
-38.8354  93.8778  17.35  80.9625  
-38.8354  93.8779  17.35  80.9624  
-38.8355  93.8779  17.35  80.9624  
-38.8355  93.8779  17.35  80.9624  
-38.8355  93.8779  17.35  80.9623  
-38.8356  93.8779  17.35  80.9623  
-38.8356  93.8779  17.35  80.9623  
-38.8357  93.8779  17.35  80.9622  
-38.8357  93.8779  17.35  80.9622  
-38.8358  93.8779  17.35  80.9622  
-38.8358  93.8779  17.35  80.9621  
-38.8359  93.878  17.35  80.9621  
-38.8359  93.878  17.35  80.9621  
-38.8359  93.878  17.35  80.962  
-38.836  93.878  17.35  80.962  
-38.836  93.878  17.35  80.962  
-38.8361  93.878  17.35  80.9619  
-38.8361  93.878  17.35  80.9619  
-38.8362  93.878  17.35  80.9619  
-38.8362  93.878  17.35  80.9618  
-38.8363  93.8781  17.35  80.9618  
-38.8363  93.8781  17.35  80.9617  
-38.8364  93.8781  17.35  80.9617  
-38.8364  93.8781  17.35  80.9617  
-38.8365  93.8781  17.35  80.9616  
-38.8365  93.8781  17.35  80.9616  
-38.8366  93.8781  17.35  80.9616  
-38.8366  93.8781  17.35  80.9615  
-38.8367  93.8781  17.35  80.9615  
-38.8367  93.8782  17.35  80.9614  
-38.8368  93.8782  17.35  80.9614  
-38.8368  93.8782  17.35  80.9614  
-38.8369  93.8782  17.35  80.9613  
-38.8369  93.8782  17.35  80.9613  
-38.837  93.8782  17.35  80.9613  
-38.837  93.8782  17.35  80.9612  
-38.8371  93.8782  17.35  80.9612  
-38.8371  93.8783  17.35  80.9611  
-38.8372  93.8783  17.35  80.9611  
-38.8372  93.8783  17.35  80.9611  
-38.8373  93.8783  17.35  80.961  
-38.8373  93.8783  17.35  80.961  
-38.8374  93.8783  17.35  80.9609  
-38.8374  93.8783  17.35  80.9609  
-38.8375  93.8783  17.35  80.9609  
-38.8375  93.8783  17.35  80.9608  
-38.8376  93.8784  17.35  80.9608  
-38.8376  93.8784  17.35  80.9607  
-38.8377  93.8784  17.35  80.9607  
-38.8377  93.8784  17.35  80.9607  
-38.8378  93.8784  17.35  80.9606  
-38.8378  93.8784  17.35  80.9606  
-38.8379  93.8784  17.35  80.9605  
-38.8379  93.8784  17.35  80.9605  
-38.838  93.8785  17.35  80.9605  
-38.8381  93.8785  17.35  80.9604  
-38.8381  93.8785  17.35  80.9604  
-38.8382  93.8785  17.35  80.9603  
-38.8382  93.8785  17.35  80.9603  
-38.8383  93.8785  17.35  80.9603  
-38.8383  93.8785  17.35  80.9602  
-38.8384  93.8786  17.35  80.9602  
-38.8384  93.8786  17.35  80.9601  
-38.8385  93.8786  17.35  80.9601  
-38.8385  93.8786  17.35  80.96  
-38.8386  93.8786  17.35  80.96  
-38.8387  93.8786  17.35  80.96  
-38.8387  93.8786  17.35  80.9599  
-38.8388  93.8786  17.35  80.9599  
-38.8388  93.8787  17.35  80.9598  
-38.8389  93.8787  17.35  80.9598  
-38.8389  93.8787  17.35  80.9597  
-38.839  93.8787  17.35  80.9597  
-38.8391  93.8787  17.35  80.9597  
-38.8391  93.8787  17.35  80.9596  
-38.8392  93.8787  17.35  80.9596  
-38.8392  93.8787  17.35  80.9595  
-38.8393  93.8788  17.35  80.9595  
-38.8393  93.8788  17.35  80.9594  
-38.8394  93.8788  17.35  80.9594  
-38.8394  93.8788  17.35  80.9594  
-38.8395  93.8788  17.35  80.9593  
-38.8396  93.8788  17.35  80.9593  
-38.8396  93.8788  17.35  80.9592  
-38.8397  93.8789  17.35  80.9592  
-38.8397  93.8789  17.35  80.9591  
-38.8398  93.8789  17.35  80.9591  
-38.8398  93.8789  17.35  80.9591  
-38.8399  93.8789  17.35  80.959  
-38.84  93.8789  17.35  80.959  
-38.84  93.8789  17.35  80.9589  
-38.8401  93.8789  17.35  80.9589  
-38.8401  93.879  17.35  80.9588  
-38.8402  93.879  17.35  80.9588  
-38.8402  93.879  17.35  80.9587  
-38.8403  93.879  17.35  80.9587  
-38.8404  93.879  17.35  80.9587  
-38.8404  93.879  17.35  80.9586  
-38.8405  93.879  17.35  80.9586  
-38.8405  93.8791  17.35  80.9585  
-38.8406  93.8791  17.35  80.9585  
-38.8406  93.8791  17.35  80.9584  
-38.8407  93.8791  17.35  80.9584  
-38.8407  93.8791  17.35  80.9584  
-38.8408  93.8791  17.35  80.9583  
-38.8409  93.8791  17.35  80.9583  
-38.8409  93.8791  17.35  80.9582  
-38.841  93.8792  17.35  80.9582  
-38.841  93.8792  17.35  80.9581  
-38.8411  93.8792  17.35  80.9581  
-38.8411  93.8792  17.35  80.9581  
-38.8412  93.8792  17.35  80.958  
-38.8413  93.8792  17.35  80.958  
-38.8413  93.8792  17.35  80.9579  
-38.8414  93.8793  17.35  80.9579  
-38.8414  93.8793  17.35  80.9578  
-38.8415  93.8793  17.35  80.9578  
-38.8415  93.8793  17.35  80.9578  
-38.8416  93.8793  17.35  80.9577  
-38.8416  93.8793  17.35  80.9577  
-38.8417  93.8793  17.35  80.9576  
-38.8418  93.8793  17.35  80.9576  
-38.8418  93.8794  17.35  80.9575  
-38.8419  93.8794  17.35  80.9575  
-38.8419  93.8794  17.35  80.9575  
-38.842  93.8794  17.35  80.9574  
-38.842  93.8794  17.35  80.9574  
-38.8421  93.8794  17.35  80.9573  
-38.8422  93.8794  17.35  80.9573  
-38.8422  93.8795  17.35  80.9572  
-38.8423  93.8795  17.35  80.9572  
-38.8423  93.8795  17.35  80.9572  
-38.8424  93.8795  17.35  80.9571  
-38.8424  93.8795  17.35  80.9571  
-38.8425  93.8795  17.35  80.957  
-38.8426  93.8795  17.35  80.957  
-38.8426  93.8795  17.35  80.9569  
-38.8427  93.8796  17.35  80.9569  
-38.8427  93.8796  17.35  80.9568  
-38.8428  93.8796  17.35  80.9568  
-38.8428  93.8796  17.35  80.9568  
-38.8429  93.8796  17.35  80.9567  
-38.8429  93.8796  17.35  80.9567  
-38.843  93.8796  17.35  80.9566  
-38.8431  93.8796  17.35  80.9566  
-38.8431  93.8797  17.35  80.9565  
-38.8432  93.8797  17.35  80.9565  
-38.8432  93.8797  17.35  80.9565  
-38.8433  93.8797  17.35  80.9564  
-38.8433  93.8797  17.35  80.9564  
-38.8434  93.8797  17.35  80.9563  
-38.8435  93.8797  17.35  80.9563  
-38.8435  93.8798  17.35  80.9562  
-38.8436  93.8798  17.35  80.9562  
-38.8436  93.8798  17.35  80.9562  
-38.8437  93.8798  17.35  80.9561  
-38.8437  93.8798  17.35  80.9561  
-38.8438  93.8798  17.35  80.956  
-38.8439  93.8798  17.35  80.956  
-38.8439  93.8798  17.35  80.9559  
-38.844  93.8799  17.35  80.9559  
-38.844  93.8799  17.35  80.9559  
-38.8441  93.8799  17.35  80.9558  
-38.8441  93.8799  17.35  80.9558  
-38.8442  93.8799  17.35  80.9557  
-38.8442  93.8799  17.35  80.9557  
-38.8443  93.8799  17.35  80.9556  
-38.8444  93.88  17.35  80.9556  
-38.8444  93.88  17.35  80.9556  
-38.8445  93.88  17.35  80.9555  
-38.8445  93.88  17.35  80.9555  
-38.8446  93.88  17.35  80.9554  
-38.8446  93.88  17.35  80.9554  
-38.8447  93.88  17.35  80.9553  
-38.8448  93.88  17.35  80.9553  
-38.8448  93.8801  17.35  80.9552  
-38.8449  93.8801  17.35  80.9552  
-38.8449  93.8801  17.35  80.9552  
-38.845  93.8801  17.35  80.9551  
-38.845  93.8801  17.35  80.9551  
-38.8451  93.8801  17.35  80.955  
-38.8452  93.8801  17.35  80.955  
-38.8452  93.8802  17.35  80.9549  
-38.8453  93.8802  17.35  80.9549  
-38.8453  93.8802  17.35  80.9549  
-38.8454  93.8802  17.35  80.9548  
-38.8454  93.8802  17.35  80.9548  
-38.8455  93.8802  17.35  80.9547  
-38.8455  93.8802  17.35  80.9547  
-38.8456  93.8802  17.35  80.9546  
-38.8457  93.8803  17.35  80.9546  
-38.8457  93.8803  17.35  80.9546  
-38.8458  93.8803  17.35  80.9545  
-38.8458  93.8803  17.35  80.9545  
-38.8459  93.8803  17.35  80.9544  
-38.8459  93.8803  17.35  80.9544  
-38.846  93.8803  17.35  80.9543  
-38.8461  93.8804  17.35  80.9543  
-38.8461  93.8804  17.35  80.9543  
-38.8462  93.8804  17.35  80.9542  
-38.8462  93.8804  17.35  80.9542  
-38.8463  93.8804  17.35  80.9541  
-38.8463  93.8804  17.35  80.9541  
-38.8464  93.8804  17.35  80.954  
-38.8464  93.8804  17.35  80.954  
-38.8465  93.8805  17.35  80.954  
-38.8466  93.8805  17.35  80.9539  
-38.8466  93.8805  17.35  80.9539  
-38.8467  93.8805  17.35  80.9538  
-38.8467  93.8805  17.35  80.9538  
-38.8468  93.8805  17.35  80.9537  
-38.8468  93.8805  17.35  80.9537  
-38.8469  93.8805  17.35  80.9536  
-38.847  93.8806  17.35  80.9536  
-38.847  93.8806  17.35  80.9536  
-38.8471  93.8806  17.35  80.9535  
-38.8471  93.8806  17.35  80.9535  
-38.8472  93.8806  17.35  80.9534  
-38.8472  93.8806  17.35  80.9534  
-38.8473  93.8806  17.35  80.9533  
-38.8474  93.8807  17.35  80.9533  
-38.8474  93.8807  17.35  80.9533  
-38.8475  93.8807  17.35  80.9532  
-38.8475  93.8807  17.35  80.9532  
-38.8476  93.8807  17.35  80.9531  
-38.8476  93.8807  17.35  80.9531  
-38.8477  93.8807  17.35  80.953  
-38.8477  93.8807  17.35  80.953  
-38.8478  93.8808  17.35  80.953  
-38.8479  93.8808  17.35  80.9529  
-38.8479  93.8808  17.35  80.9529  
-38.848  93.8808  17.35  80.9528  
-38.848  93.8808  17.35  80.9528  
-38.8481  93.8808  17.35  80.9527  
-38.8481  93.8808  17.35  80.9527  
-38.8482  93.8809  17.35  80.9527  
-38.8483  93.8809  17.35  80.9526  
-38.8483  93.8809  17.35  80.9526  
-38.8484  93.8809  17.35  80.9525  
-38.8484  93.8809  17.35  80.9525  
-38.8485  93.8809  17.35  80.9524  
-38.8485  93.8809  17.35  80.9524  
-38.8486  93.8809  17.35  80.9524  
-38.8487  93.881  17.35  80.9523  
-38.8487  93.881  17.35  80.9523  
-38.8488  93.881  17.35  80.9522  
-38.8488  93.881  17.35  80.9522  
-38.8489  93.881  17.35  80.9521  
-38.8489  93.881  17.35  80.9521  
-38.849  93.881  17.35  80.952  
-38.849  93.8811  17.35  80.952  
-38.8491  93.8811  17.35  80.952  
-38.8492  93.8811  17.35  80.9519  
-38.8492  93.8811  17.35  80.9519  
-38.8493  93.8811  17.35  80.9518  
-38.8493  93.8811  17.35  80.9518  
-38.8494  93.8811  17.35  80.9517  
-38.8494  93.8811  17.35  80.9517  
-38.8495  93.8812  17.35  80.9517  
-38.8496  93.8812  17.35  80.9516  
-38.8496  93.8812  17.35  80.9516  
-38.8497  93.8812  17.35  80.9515  
-38.8497  93.8812  17.35  80.9515  
-38.8498  93.8812  17.35  80.9514  
-38.8498  93.8812  17.35  80.9514  
-38.8499  93.8813  17.35  80.9514  
-38.85  93.8813  17.35  80.9513  
-38.85  93.8813  17.35  80.9513  
-38.8501  93.8813  17.35  80.9512  
-38.8501  93.8813  17.35  80.9512  
-38.8502  93.8813  17.35  80.9511  
-38.8502  93.8813  17.35  80.9511  
-38.8503  93.8813  17.35  80.9511  
-38.8503  93.8814  17.35  80.951  
-38.8504  93.8814  17.35  80.951  
-38.8505  93.8814  17.35  80.9509  
-38.8505  93.8814  17.35  80.9509  
-38.8506  93.8814  17.35  80.9508  
-38.8506  93.8814  17.35  80.9508  
-38.8507  93.8814  17.35  80.9508  
-38.8507  93.8814  17.35  80.9507  
-38.8508  93.8815  17.35  80.9507  
-38.8509  93.8815  17.35  80.9506  
-38.8509  93.8815  17.35  80.9506  
-38.851  93.8815  17.35  80.9505  
-38.851  93.8815  17.35  80.9505  
-38.8511  93.8815  17.35  80.9504  
-38.8511  93.8815  17.35  80.9504  
-38.8512  93.8816  17.35  80.9504  
-38.8512  93.8816  17.35  80.9503  
-38.8513  93.8816  17.35  80.9503  
-38.8514  93.8816  17.35  80.9502  
-38.8514  93.8816  17.35  80.9502  
-38.8515  93.8816  17.35  80.9501  
-38.8515  93.8816  17.35  80.9501  
-38.8516  93.8816  17.35  80.9501  
-38.8516  93.8817  17.35  80.95  
-38.8517  93.8817  17.35  80.95  
-38.8518  93.8817  17.35  80.9499  
-38.8518  93.8817  17.35  80.9499  
-38.8519  93.8817  17.35  80.9498  
-38.8519  93.8817  17.35  80.9498  
-38.852  93.8817  17.35  80.9498  
-38.852  93.8818  17.35  80.9497  
-38.8521  93.8818  17.35  80.9497  
-38.8522  93.8818  17.35  80.9496  
-38.8522  93.8818  17.35  80.9496  
-38.8523  93.8818  17.35  80.9495  
-38.8523  93.8818  17.35  80.9495  
-38.8524  93.8818  17.35  80.9495  
-38.8524  93.8818  17.35  80.9494  
-38.8525  93.8819  17.35  80.9494  
-38.8525  93.8819  17.35  80.9493  
-38.8526  93.8819  17.35  80.9493  
-38.8527  93.8819  17.35  80.9492  
-38.8527  93.8819  17.35  80.9492  
-38.8528  93.8819  17.35  80.9492  
-38.8528  93.8819  17.35  80.9491  
-38.8529  93.882  17.35  80.9491  
-38.8529  93.882  17.35  80.949  
-38.853  93.882  17.35  80.949  
-38.8531  93.882  17.35  80.9489  
-38.8531  93.882  17.35  80.9489  
-38.8532  93.882  17.35  80.9488  
-38.8532  93.882  17.35  80.9488  
-38.8533  93.882  17.35  80.9488  
-38.8533  93.8821  17.35  80.9487  
-38.8534  93.8821  17.35  80.9487  
-38.8535  93.8821  17.35  80.9486  
-38.8535  93.8821  17.35  80.9486  
-38.8536  93.8821  17.35  80.9485  
-38.8536  93.8821  17.35  80.9485  
-38.8537  93.8821  17.35  80.9485  
-38.8537  93.8822  17.35  80.9484  
-38.8538  93.8822  17.35  80.9484  
-38.8538  93.8822  17.35  80.9483  
-38.8539  93.8822  17.35  80.9483  
-38.854  93.8822  17.35  80.9482  
-38.854  93.8822  17.35  80.9482  
-38.8541  93.8822  17.35  80.9482  
-38.8541  93.8822  17.35  80.9481  
-38.8542  93.8823  17.35  80.9481  
-38.8542  93.8823  17.35  80.948  
-38.8543  93.8823  17.35  80.948  
-38.8544  93.8823  17.35  80.9479  
-38.8544  93.8823  17.35  80.9479  
-38.8545  93.8823  17.35  80.9479  
-38.8545  93.8823  17.35  80.9478  
-38.8546  93.8823  17.35  80.9478  
-38.8546  93.8824  17.35  80.9477  
-38.8547  93.8824  17.35  80.9477  
-38.8548  93.8824  17.35  80.9476  
-38.8548  93.8824  17.35  80.9476  
-38.8549  93.8824  17.35  80.9476  
-38.8549  93.8824  17.35  80.9475  
-38.855  93.8824  17.35  80.9475  
-38.855  93.8825  17.35  80.9474  
-38.8551  93.8825  17.35  80.9474  
-38.8551  93.8825  17.35  80.9473  
-38.8552  93.8825  17.35  80.9473  
-38.8553  93.8825  17.35  80.9472  
-38.8553  93.8825  17.35  80.9472  
-38.8554  93.8825  17.35  80.9472  
-38.8554  93.8825  17.35  80.9471  
-38.8555  93.8826  17.35  80.9471  
-38.8555  93.8826  17.35  80.947  
-38.8556  93.8826  17.35  80.947  
-38.8557  93.8826  17.35  80.9469  
-38.8557  93.8826  17.35  80.9469  
-38.8558  93.8826  17.35  80.9469  
-38.8558  93.8826  17.35  80.9468  
-38.8559  93.8827  17.35  80.9468  
-38.8559  93.8827  17.35  80.9467  
-38.856  93.8827  17.35  80.9467  
-38.856  93.8827  17.35  80.9466  
-38.8561  93.8827  17.35  80.9466  
-38.8562  93.8827  17.35  80.9466  
-38.8562  93.8827  17.35  80.9465  
-38.8563  93.8827  17.35  80.9465  
-38.8563  93.8828  17.35  80.9464  
-38.8564  93.8828  17.35  80.9464  
-38.8564  93.8828  17.35  80.9463  
-38.8565  93.8828  17.35  80.9463  
-38.8566  93.8828  17.35  80.9463  
-38.8566  93.8828  17.35  80.9462  
-38.8567  93.8828  17.35  80.9462  
-38.8567  93.8829  17.35  80.9461  
-38.8568  93.8829  17.35  80.9461  
-38.8568  93.8829  17.35  80.946  
-38.8569  93.8829  17.35  80.946  
-38.857  93.8829  17.35  80.946  
-38.857  93.8829  17.35  80.9459  
-38.8571  93.8829  17.35  80.9459  
-38.8571  93.8829  17.35  80.9458  
-38.8572  93.883  17.35  80.9458  
-38.8572  93.883  17.35  80.9457  
-38.8573  93.883  17.35  80.9457  
-38.8573  93.883  17.35  80.9457  
-38.8574  93.883  17.35  80.9456  
-38.8575  93.883  17.35  80.9456  
-38.8575  93.883  17.35  80.9455  
-38.8576  93.8831  17.35  80.9455  
-38.8576  93.8831  17.35  80.9454  
-38.8577  93.8831  17.35  80.9454  
-38.8577  93.8831  17.35  80.9453  
-38.8578  93.8831  17.35  80.9453  
-38.8579  93.8831  17.35  80.9453  
-38.8579  93.8831  17.35  80.9452  
-38.858  93.8831  17.35  80.9452  
-38.858  93.8832  17.35  80.9451  
-38.8581  93.8832  17.35  80.9451  
-38.8581  93.8832  17.35  80.945  
-38.8582  93.8832  17.35  80.945  
-38.8583  93.8832  17.35  80.945  
-38.8583  93.8832  17.35  80.9449  
-38.8584  93.8832  17.35  80.9449  
-38.8584  93.8832  17.35  80.9448  
-38.8585  93.8833  17.35  80.9448  
-38.8585  93.8833  17.35  80.9447  
-38.8586  93.8833  17.35  80.9447  
